1713993364158 0.47333332896232605 0
1713993364204 0.6399999856948853 1
1713993364243 0.699999988079071 2
1713993364286 0.7933333516120911 3
1713993364325 0.8199999928474426 4
1713993364365 0.7733333110809326 5
1713993364409 0.7400000095367432 6
1713993364448 0.7866666913032532 7
1713993364509 0.8266666531562805 8
1713993364572 0.8066666722297668 9
1713993364612 0.8333333134651184 10
1713993364673 0.8066666722297668 11
1713993364710 0.9333333373069763 12
1713993364750 0.9333333373069763 13
1713993364790 0.9733333587646484 14
1713993364828 0.95333331823349 15
1713993364866 0.95333331823349 16
1713993364907 0.9733333587646484 17
1713993364967 0.9666666388511658 18
1713993365007 0.9800000190734863 19
1713993368958 0.94 0
