1713993364158 0.7452314496040344 0
1713993364204 0.6105546355247498 1
1713993364243 0.5584728121757507 2
1713993364286 0.4915594458580017 3
1713993364325 0.43347039818763733 4
1713993364365 0.4209909439086914 5
1713993364409 0.41830822825431824 6
1713993364448 0.4039788842201233 7
1713993364509 0.3379603922367096 8
1713993364572 0.34275496006011963 9
1713993364612 0.33508309721946716 10
1713993364673 0.31944504380226135 11
1713993364710 0.26824522018432617 12
1713993364750 0.2629518508911133 13
1713993364790 0.23494982719421387 14
1713993364828 0.21946904063224792 15
1713993364866 0.20961202681064606 16
1713993364907 0.1846524477005005 17
1713993364967 0.1772116720676422 18
1713993365007 0.15754900872707367 19
