1726940183274 0.9122666716575623 0
1726940183632 0.9386666417121887 1
1726940183958 0.9445333480834961 2
1726940184283 0.9461333155632019 3
1726940184582 0.9488000273704529 4
1726940184892 0.9503999948501587 5
1726940185209 0.9509333372116089 6
1726940185524 0.9546666741371155 7
1726940185877 0.9520000219345093 8
1726940186195 0.9522666931152344 9
1726940186523 0.9570666551589966 10
1726940186827 0.9549333453178406 11
1726940187103 0.9544000029563904 12
1726940187410 0.9573333263397217 13
1726940187716 0.9567999839782715 14
1726940187988 0.9562666416168213 15
1726940188307 0.9578666687011719 16
1726940188726 0.9589333534240723 17
1726940189091 0.9594666957855225 18
1726940189447 0.9621333479881287 19
1726940189806 0.9597333073616028 20
1726940190107 0.9607999920845032 21
1726940190413 0.9597333073616028 22
1726940190804 0.9618666768074036 23
1726940191159 0.96506667137146 24
1726940191505 0.9618666768074036 25
1726940191813 0.9624000191688538 26
1726940192121 0.9621333479881287 27
1726940192470 0.9642666578292847 28
1726940192846 0.96506667137146 29
1726940213324 0.9488 0
