1726940183274 0.3308109939098358 0
1726940183632 0.21361804008483887 1
1726940183958 0.19111688435077667 2
1726940184283 0.1800604611635208 3
1726940184582 0.1706770658493042 4
1726940184892 0.1678108274936676 5
1726940185209 0.16466529667377472 6
1726940185524 0.15796053409576416 7
1726940185877 0.1594463586807251 8
1726940186195 0.154619038105011 9
1726940186523 0.15216666460037231 10
1726940186827 0.15266214311122894 11
1726940187103 0.1516524702310562 12
1726940187410 0.14398056268692017 13
1726940187716 0.14554060995578766 14
1726940187988 0.13931603729724884 15
1726940188307 0.1405281126499176 16
1726940188726 0.13739678263664246 17
1726940189091 0.13556212186813354 18
1726940189447 0.13427570462226868 19
1726940189806 0.1348850578069687 20
1726940190107 0.13657782971858978 21
1726940190413 0.12950371205806732 22
1726940190804 0.12599799036979675 23
1726940191159 0.12460120767354965 24
1726940191505 0.1259804368019104 25
1726940191813 0.12128189951181412 26
1726940192121 0.120093435049057 27
1726940192470 0.12010864913463593 28
1726940192846 0.12033677101135254 29
