1714143257062 0.9098666906356812 0
1714143257334 0.9410666823387146 1
1714143257606 0.9450666904449463 2
1714143257964 0.9493333101272583 3
1714143258226 0.951200008392334 4
1714143258491 0.9552000164985657 5
1714143258750 0.9535999894142151 6
1714143259008 0.958133339881897 7
1714143259264 0.9562666416168213 8
1714143259528 0.9567999839782715 9
1714143259784 0.9559999704360962 10
1714143260042 0.9578666687011719 11
1714143260299 0.9597333073616028 12
1714143260553 0.9605333209037781 13
1714143260814 0.9589333534240723 14
1714143261070 0.9613333344459534 15
1714143261333 0.9618666768074036 16
1714143261595 0.9631999731063843 17
1714143261855 0.9618666768074036 18
1714143262116 0.9642666578292847 19
1714143262377 0.9645333290100098 20
1714143262634 0.9645333290100098 21
1714143262892 0.9666666388511658 22
1714143263150 0.9634666442871094 23
1714143263410 0.9661333560943604 24
1714143263675 0.9664000272750854 25
1714143263934 0.9674666523933411 26
1714143264196 0.9666666388511658 27
1714143264450 0.9674666523933411 28
1714143264703 0.9669333100318909 29
1714143268670 0.9448 0
