1714143257062 0.3229365646839142 0
1714143257334 0.20277738571166992 1
1714143257606 0.19090355932712555 2
1714143257964 0.17650732398033142 3
1714143258226 0.1675005555152893 4
1714143258491 0.16003857553005219 5
1714143258750 0.15549011528491974 6
1714143259008 0.15189531445503235 7
1714143259264 0.15010976791381836 8
1714143259528 0.14129561185836792 9
1714143259784 0.14222191274166107 10
1714143260042 0.14248314499855042 11
1714143260299 0.13857172429561615 12
1714143260553 0.13002368807792664 13
1714143260814 0.13311928510665894 14
1714143261070 0.12761761248111725 15
1714143261333 0.125809907913208 16
1714143261595 0.1271345615386963 17
1714143261855 0.12330171465873718 18
1714143262116 0.11844589561223984 19
1714143262377 0.11746743321418762 20
1714143262634 0.11577621847391129 21
1714143262892 0.11655014753341675 22
1714143263150 0.11591733992099762 23
1714143263410 0.10945048928260803 24
1714143263675 0.11232637614011765 25
1714143263934 0.10901106894016266 26
1714143264196 0.11042933166027069 27
1714143264450 0.10793306678533554 28
1714143264703 0.10471898317337036 29
