1727433245028 0.11249999701976776 0
1727433245407 0.22499999403953552 1
1727433245869 0.23749999701976776 2
1727433246310 0.20000000298023224 3
1727433246853 0.2750000059604645 4
1727433246940 0.32499998807907104 5
1727433247046 0.3375000059604645 6
1727433247290 0.3375000059604645 7
1727433247630 0.32499998807907104 8
1727433247804 0.3125 9
1727433247993 0.38749998807907104 10
1727433248261 0.4000000059604645 11
1727433248514 0.4000000059604645 12
1727433248646 0.4000000059604645 13
1727433248857 0.4625000059604645 14
1727433249046 0.5 15
1727433249295 0.48750001192092896 16
1727433249479 0.4749999940395355 17
1727433249647 0.4749999940395355 18
1727433249741 0.4749999940395355 19
1727433249914 0.512499988079071 20
1727433250083 0.5 21
1727433250259 0.5249999761581421 22
1727433250435 0.5375000238418579 23
1727433250620 0.5625 24
1727433250811 0.550000011920929 25
1727433250980 0.574999988079071 26
1727433251164 0.6000000238418579 27
1727433251334 0.6000000238418579 28
1727433251428 0.5874999761581421 29
1727433263077 0.05 0
