1727433245028 1.7759065628051758 0
1727433245407 1.6889339685440063 1
1727433245869 1.6418758630752563 2
1727433246310 1.6216533184051514 3
1727433246853 1.6009505987167358 4
1727433246940 1.5786263942718506 5
1727433247046 1.5573300123214722 6
1727433247290 1.5423142910003662 7
1727433247630 1.5254853963851929 8
1727433247804 1.5106102228164673 9
1727433247993 1.4962115287780762 10
1727433248261 1.4807192087173462 11
1727433248514 1.469905138015747 12
1727433248646 1.4581631422042847 13
1727433248857 1.4435597658157349 14
1727433249046 1.426792025566101 15
1727433249295 1.4125193357467651 16
1727433249479 1.3999500274658203 17
1727433249647 1.3901069164276123 18
1727433249741 1.3764874935150146 19
1727433249914 1.3663272857666016 20
1727433250083 1.3498948812484741 21
1727433250259 1.3361033201217651 22
1727433250435 1.320998191833496 23
1727433250620 1.3123756647109985 24
1727433250811 1.3009448051452637 25
1727433250980 1.2870982885360718 26
1727433251164 1.268791913986206 27
1727433251334 1.256314992904663 28
1727433251428 1.2395503520965576 29
